1oaiA00     1    10     8    10     1     1     1     1     1    59 1.000
1go5A00     1    10     8    10     1     1     1     1     2    69 999.000
3frhA01     1    10     8    10     2     1     1     1     1    58 1.200
3friA01     1    10     8    10     2     1     1     1     2    54 1.800
3b89A01     1    10     8    10     2     1     1     2     1    54 2.600
1oksA00     1    10     8    10     3     1     1     1     1    51 1.800
1cukA03     1    10     8    10     4     1     1     1     1    48 1.900
1hjpA03     1    10     8    10     4     1     1     2     1    44 2.500

1tqmA01     1    10    10    10    14     1     1     1     3    90 1.990
1tqiA01     1    10    10    10    14     1     1     1     4    90 2.000
1tqpA01     1    10    10    10    14     1     1     2     1    87 2.100
3rjpA00     1    10    10    10    15     1     1     1     1    96 1.500
1kgsA02     1    10    10    10    15     2     1     1     1    97 1.500
2qvoA00     1    10    10    10    16     1     1     1     1    87 1.850
3ov8A00     1    10    10    10    16     1     1     1     2    91 1.850
3o3kA00     1    10    10    10    16     1     1     1     3    90 2.300
2od5A00     1    10    10    10    17     1     1     1     1    89 1.790
2htsA00     1    10    10    10    18     1     1     1     1    88 1.830
3htsB00     1    10    10    10    18     1     1     1     2    82 1.750
